00000000010100110000000100110011
01000001111110100000011110110011
00000001010001010001001010110011
00000000100101000101010010110011
00000000000100010100001000110011
00000000010111100111111000110011
00000000110010001110010110110011
01000000010000011101111100110011
00000001111011011010110000110011
00000001010100010011011010110011
00010001100101001000001100010011
00000000011001010001001010010011
00000000010101000101010010010011
11010111100100010100001000010011
00000100100011100111111000010011
11111011001110001110010110010011
01000001011000011101111100010011
00000000000011011010110000010011
11111111010000010011011010010011
00000000000000001000000001100111
00000000100000010000110000000011
00000000000000111001001110000011
11111110110001110010000010000011
11111111110011110100010010000011
00000000110011111101110010000011
11111111100111001000111000100011
00000001111100011001000000100011
00000011000110000010000000100011
11111000000000000000100011100011
11111010101111000001101011100011
11111101101000000100110011100011
11111111110111101101010011100011
11111110101110011110100011100011
00000000100001000111001001100011
00000000110000000000001001101111
00000000000001100100111110110111
00000000000011001000001110010111
00000000000000000000000001110011