00000000000100000001000000110011  
00000000001000000001100000110011  
00000000001100000010000000110011  
00001110010000000010100000110011  
10000000010100000011000000110011  
00000000011000000011100000110011  
00000000011100000100000000110011  
00010000100000000100100000110011  
00000000100100000101000000110011  
00000000101000000101100000110011  
00000000101100000110000000110011  
00000000110000000110100000110011  
00000000110100000111000000110011  
00000000111000000111100000110011  
00000000111100001000000000110011  
